Date						
2022-12-31	25	35	21	26	02	
2022-12-30	13	02	21	31	26	
2022-12-29	19	11	06	29	03	
2022-12-28	07	31	05	30	08	
2022-12-27	14	03	13	31	30	
2022-12-26	23	17	10	12	05	
2022-12-24	27	31	22	34	05	
2022-12-23	12	27	29	01	26	
2022-12-22	21	19	22	13	07	
2022-12-21	28	17	26	32	19	
2022-12-20	20	02	16	11	08	
2022-12-19	13	01	04	03	26	
2022-12-18	01	08	15	32	02	
2022-12-17	24	31	18	34	28	
2022-12-16	31	35	34	23	10	
2022-12-15	16	25	10	21	26	
2022-12-14	22	11	10	16	14	
2022-12-13	06	01	02	10	19	
2022-12-12	07	13	12	26	17	
2022-12-11	03	06	12	05	32	
2022-12-10	26	20	30	36	35	
2022-12-09	26	21	17	35	09	
2022-12-08	28	32	25	07	27	
2022-12-07	03	26	35	34	28	
2022-12-06	14	15	29	05	33	
2022-12-05	10	29	23	11	36	
2022-12-04	34	15	09	28	11	
2022-12-03	35	30	28	34	06	
2022-12-02	22	31	12	18	03	
2022-12-01	26	20	17	23	15	
2022-11-30	02	30	09	24	08	
2022-11-29	11	05	14	06	27	
2022-11-28	02	01	13	29	11	
2022-11-27	30	26	27	15	35	
2022-11-26	03	07	13	32	34	
2022-11-25	25	36	06	13	28	
2022-11-24	25	18	27	06	15	
2022-11-23	07	06	29	16	34	
2022-11-22	05	17	14	06	22	
2022-11-21	21	32	12	07	10	
2022-11-20	25	17	21	04	35	
2022-11-19	28	07	23	01	04	
2022-11-18	04	34	06	32	14	
2022-11-17	04	18	06	24	25	
2022-11-16	19	26	04	05	24	
2022-11-15	31	24	10	11	03	
2022-11-14	14	02	18	15	23	
2022-11-13	03	15	02	22	09	
2022-11-12	25	29	32	09	16	
2022-11-11	28	24	07	20	17	
2022-11-10	24	10	33	35	30	
2022-11-09	05	15	33	25	27	
2022-11-08	18	17	31	05	28	
2022-11-07	21	02	04	12	28	
2022-11-06	28	07	26	02	34	
2022-11-05	31	22	36	13	12	
2022-11-04	04	14	15	01	36	
2022-11-03	30	09	13	18	19	
2022-11-02	31	06	19	16	11	
2022-11-01	08	35	36	21	26	
2022-10-31	26	28	14	25	07	
2022-10-30	28	24	20	02	29	
2022-10-29	28	27	21	12	31	
2022-10-28	08	33	10	19	36	
2022-10-27	07	21	25	13	28	
2022-10-26	10	11	08	29	24	
2022-10-25	13	03	27	16	05	
2022-10-24	14	18	12	07	04	
2022-10-23	34	11	02	20	06	
2022-10-22	17	31	25	14	11	
2022-10-21	20	02	33	16	23	
2022-10-20	04	07	08	17	01	
2022-10-19	35	12	19	22	09	
2022-10-18	30	04	19	14	15	
2022-10-17	36	25	33	30	18	
2022-10-16	02	18	33	11	13	
2022-10-15	34	10	11	18	28	
2022-10-14	06	27	28	10	14	
2022-10-13	18	20	15	19	26	
2022-10-12	16	12	09	36	21	
2022-10-11	16	28	05	03	19	
2022-10-10	13	35	08	09	31	
2022-10-09	23	08	32	22	28	
2022-10-08	34	20	06	29	10	
2022-10-07	06	31	24	17	30	
2022-10-06	34	15	07	27	32	
2022-10-05	28	33	08	21	12	
2022-10-04	25	08	22	32	09	
2022-10-03	04	34	26	14	13	
2022-10-02	08	14	13	17	23	
2022-10-01	06	01	21	19	20	
2022-09-30	23	26	01	11	32	
2022-09-29	08	12	05	02	17	
2022-09-28	05	23	13	32	21	
2022-09-27	20	30	17	10	07	
2022-09-26	21	08	09	32	19	
2022-09-25	14	17	07	33	18	
2022-09-24	18	21	07	31	09	
2022-09-23	12	09	27	28	05	
2022-09-22	02	22	11	32	34	
2022-09-21	26	03	01	28	30	
2022-09-20	05	12	14	03	04	
2022-09-19	17	33	09	24	13	
2022-09-18	28	34	11	02	15	
2022-09-17	15	05	25	32	35	
2022-09-16	11	12	27	18	08	
2022-09-15	04	25	14	33	26	
2022-09-14	16	28	05	17	31	
2022-09-13	09	05	32	33	18	
2022-09-12	26	01	12	20	21	
2022-09-11	32	16	27	17	09	
2022-09-10	35	18	14	33	31	
2022-09-09	15	30	36	19	10	
2022-09-08	24	29	01	06	22	
2022-09-07	13	15	26	17	12	
2022-09-06	15	09	11	26	13	
2022-09-05	10	15	25	12	14	
2022-09-04	31	36	06	07	02	
2022-09-03	08	18	24	25	11	
2022-09-02	02	01	03	24	26	
2022-09-01	19	36	06	29	16	
2022-08-31	22	11	27	28	18	
2022-08-30	22	28	25	16	33	
2022-08-29	26	29	10	21	34	
2022-08-28	23	32	29	22	33	
2022-08-27	20	05	23	30	21	
2022-08-26	23	31	10	21	12	
2022-08-25	12	15	17	06	08	
2022-08-24	22	05	23	02	12	
2022-08-23	08	06	29	21	22	
2022-08-22	04	26	32	35	17	
2022-08-21	15	35	23	19	06	
2022-08-20	16	09	32	20	33	
2022-08-19	16	27	34	28	01	
2022-08-18	05	17	31	26	11	
2022-08-17	08	05	02	34	28	
2022-08-16	21	27	12	19	01	
2022-08-15	35	23	15	32	20	
2022-08-14	17	26	33	01	24	
2022-08-13	04	18	28	31	19	
2022-08-12	05	30	32	29	27	
2022-08-11	08	20	16	19	18	
2022-08-10	13	17	08	01	06	
2022-08-09	14	24	15	23	03	
2022-08-08	34	04	31	22	05	
2022-08-07	20	18	36	24	32	
2022-08-06	33	09	24	31	18	
2022-08-05	28	16	26	01	17	
2022-08-04	26	06	31	21	17	
2022-08-03	25	08	06	24	22	
2022-08-02	21	26	10	29	18	
2022-08-01	09	33	15	03	18	
2022-07-31	04	30	25	31	20	
2022-07-30	32	04	28	36	10	
2022-07-29	10	05	02	20	28	
2022-07-28	01	36	02	27	30	
2022-07-27	24	02	31	04	36	
2022-07-26	34	03	13	19	01	
2022-07-25	36	19	09	24	28	
2022-07-24	03	28	34	10	19	
2022-07-23	28	26	10	04	09	
2022-07-22	02	17	23	35	09	
2022-07-21	01	27	04	35	23	
2022-07-20	21	30	15	04	27	
2022-07-19	16	10	18	31	28	
2022-07-18	16	08	29	14	19	
2022-07-17	05	21	27	31	35	
2022-07-16	20	17	22	08	06	
2022-07-15	28	19	31	24	20	
2022-07-14	19	08	02	18	06	
2022-07-13	21	15	33	06	29	
2022-07-12	11	06	07	29	01	
2022-07-11	18	19	31	03	22	
2022-07-10	04	22	07	36	05	
2022-07-09	36	04	29	10	22	
2022-07-08	32	28	05	01	31	
2022-07-07	33	18	20	34	23	
2022-07-06	23	31	02	15	18	
2022-07-05	33	01	08	31	02	
2022-07-04	09	26	15	27	24	
2022-07-03	01	18	26	14	16	
2022-07-02	06	36	31	01	11	
2022-07-01	10	16	15	09	05	
2022-06-30	27	28	21	07	25	
2022-06-29	09	10	04	28	13	
2022-06-28	11	08	30	35	18	
2022-06-27	02	21	33	18	03	
2022-06-26	30	21	36	29	18	
2022-06-25	13	27	08	29	18	
2022-06-24	33	13	28	21	02	
2022-06-23	03	06	21	23	11	
2022-06-22	19	30	13	28	15	
2022-06-21	06	33	09	36	27	
2022-06-20	31	30	09	02	10	
2022-06-19	26	08	22	15	36	
2022-06-18	03	13	17	23	31	
2022-06-17	11	09	32	33	08	
2022-06-16	24	36	27	25	01	
2022-06-15	34	03	22	18	05	
2022-06-14	14	26	36	34	11	
2022-06-13	35	25	05	06	31	
2022-06-12	22	06	23	09	32	
2022-06-11	09	14	31	06	01	
2022-06-10	30	26	16	21	22	
2022-06-09	33	03	02	11	25	
2022-06-08	01	15	07	06	28	
2022-06-07	01	20	18	17	11	
2022-06-06	09	06	20	24	21	
2022-06-05	24	09	20	04	10	
2022-06-04	08	09	05	10	01	
2022-06-03	25	13	22	27	11	
2022-06-02	19	07	14	27	06	
2022-06-01	12	04	07	25	18	
2022-05-31	30	13	17	23	20	
2022-05-30	33	09	02	01	12	
2022-05-29	18	31	26	29	28	
2022-05-28	28	31	15	14	26	
2022-05-27	19	08	26	30	27	
2022-05-26	28	03	22	33	18	
2022-05-25	32	28	35	33	16	
2022-05-24	04	10	07	21	14	
2022-05-23	13	03	26	07	21	
2022-05-22	06	21	20	01	04	
2022-05-21	19	36	25	29	34	
2022-05-20	05	07	06	14	26	
2022-05-19	16	08	02	29	32	
2022-05-18	21	15	29	32	18	
2022-05-17	25	07	22	26	27	
2022-05-16	06	18	02	07	29	
2022-05-15	33	17	25	11	09	
2022-05-14	03	20	24	02	08	
2022-05-13	33	31	22	24	12	
2022-05-12	20	27	25	09	05	
2022-05-11	05	10	12	21	01	
2022-05-10	10	25	14	13	20	
2022-05-09	23	35	18	10	01	
2022-05-08	23	30	13	04	09	
2022-05-07	23	20	12	10	04	
2022-05-06	29	16	06	07	22	
2022-05-05	12	11	07	29	27	
2022-05-04	02	26	32	36	28	
2022-05-03	06	08	22	04	25	
2022-05-02	11	32	24	03	33	
2022-05-01	07	18	22	02	21	
2022-04-30	07	10	15	31	04	
2022-04-29	34	04	13	27	15	
2022-04-28	14	02	28	19	10	
2022-04-27	25	36	04	03	26	
2022-04-26	31	35	05	28	27	
2022-04-25	16	30	13	10	05	
2022-04-24	20	29	05	32	30	
2022-04-23	34	02	22	16	10	
2022-04-22	28	02	21	34	05	
2022-04-21	16	12	35	32	20	
2022-04-20	22	21	32	27	29	
2022-04-19	03	13	28	32	09	
2022-04-18	04	23	27	36	02	
2022-04-17	07	17	33	29	25	
2022-04-16	02	28	33	15	35	
2022-04-15	02	33	20	10	25	
2022-04-14	10	20	12	05	34	
2022-04-13	11	13	31	33	04	
2022-04-12	01	27	35	05	29	
2022-04-11	23	03	27	31	12	
2022-04-10	05	17	18	07	01	
2022-04-09	31	07	29	36	05	
2022-04-08	01	08	07	29	10	
2022-04-07	13	20	05	28	18	
2022-04-06	22	02	20	08	01	
2022-04-05	21	23	15	29	33	
2022-04-04	06	01	12	23	05	
2022-04-03	08	36	24	18	23	
2022-04-02	01	10	25	03	04	
2022-04-01	12	10	17	27	14	
2022-03-31	03	26	31	14	08	
2022-03-30	24	34	17	07	36	
2022-03-29	01	28	03	07	08	
2022-03-28	23	25	04	10	15	
2022-03-27	33	04	16	20	11	
2022-03-26	11	14	26	23	21	
2022-03-25	10	34	02	36	26	
2022-03-24	16	03	10	34	09	
2022-03-23	04	31	24	15	21	
2022-03-22	31	14	11	09	26	
2022-03-21	29	33	03	04	10	
2022-03-20	03	36	19	32	31	
2022-03-19	25	30	21	29	06	
2022-03-18	11	06	10	13	24	
2022-03-17	17	06	12	20	09	
2022-03-16	25	10	19	04	32	
2022-03-15	25	14	33	05	35	
2022-03-14	13	23	36	25	30	
2022-03-13	31	33	13	08	03	
2022-03-12	06	09	27	11	33	
2022-03-11	30	03	08	24	07	
2022-03-10	21	03	12	25	16	
2022-03-09	23	14	24	07	03	
2022-03-08	24	04	34	06	36	
2022-03-07	20	21	35	05	11	
2022-03-06	10	22	07	23	17	
2022-03-05	11	24	14	34	32	
2022-03-04	18	06	30	16	19	
2022-03-03	29	36	01	32	19	
2022-03-02	19	21	36	33	27	
2022-03-01	14	32	15	16	12	
2022-02-28	07	17	01	34	25	
2022-02-27	05	22	02	15	27	
2022-02-26	22	21	10	35	19	
2022-02-25	34	03	29	19	28	
2022-02-24	10	15	09	33	23	
2022-02-23	19	28	03	16	34	
2022-02-22	20	26	34	27	23	
2022-02-21	05	36	28	12	02	
2022-02-20	18	23	11	19	24	
2022-02-19	13	16	25	15	02	
2022-02-18	28	17	32	15	26	
2022-02-17	04	33	18	10	24	
2022-02-16	30	24	14	17	20	
2022-02-15	17	03	36	29	22	
2022-02-14	32	15	03	18	08	
2022-02-13	01	04	34	21	32	
2022-02-12	28	15	36	12	07	
2022-02-11	27	05	26	04	32	
2022-02-10	24	06	14	09	05	
2022-02-09	09	21	06	03	10	
2022-02-08	27	26	08	04	19	
2022-02-07	35	15	20	36	04	
2022-02-06	10	27	14	28	24	
2022-02-05	25	13	07	27	20	
2022-02-04	34	30	18	13	10	
2022-02-03	24	30	06	09	35	
2022-02-02	12	35	01	30	26	
2022-02-01	01	02	15	32	25	
2022-01-31	14	02	08	35	16	
2022-01-30	07	29	05	36	25	
2022-01-29	16	27	12	01	02	
2022-01-28	18	22	23	25	08	
2022-01-27	22	11	05	32	18	
2022-01-26	08	33	15	14	18	
2022-01-25	05	22	32	19	31	
2022-01-24	28	30	25	16	15	
2022-01-23	34	02	29	30	07	
2022-01-22	31	16	10	33	03	
2022-01-21	35	16	20	02	08	
2022-01-20	29	32	08	15	20	
2022-01-19	06	27	09	34	22	
2022-01-18	33	11	21	16	15	
2022-01-17	24	29	21	08	34	
2022-01-16	01	23	19	33	28	
2022-01-15	12	03	11	35	07	
2022-01-14	34	33	25	30	08	
2022-01-13	07	23	28	06	30	
2022-01-12	36	22	03	27	33	
2022-01-11	09	20	08	01	18	
2022-01-10	23	01	34	03	11	
2022-01-09	30	23	05	33	32	
2022-01-08	36	30	13	14	33	
2022-01-07	04	10	06	30	15	
2022-01-06	09	05	36	20	26	
2022-01-05	27	21	14	35	11	
2022-01-04	32	16	29	04	22	
2022-01-03	16	06	25	14	22	
2022-01-02	25	21	12	23	31	
2022-01-01	32	36	23	17	31	
